[gd_scene load_steps=15 format=2]

[ext_resource path="res://cart/GolfCart.tscn" type="PackedScene" id=1]
[ext_resource path="res://environment/ground/TexturesCom_Ground_SoilRocky3_2x2_512_albedo.png" type="Texture" id=2]
[ext_resource path="res://environment/ground/TexturesCom_Ground_SoilRocky3_2x2_512_normal.png" type="Texture" id=3]
[ext_resource path="res://environment/ground/TexturesCom_Ground_SoilRocky3_2x2_512_ao.png" type="Texture" id=4]
[ext_resource path="res://cart/Master.gd" type="Script" id=5]
[ext_resource path="res://environment/ground/GroundFog.shader" type="Shader" id=6]
[ext_resource path="res://environment/fence/Fence.tscn" type="PackedScene" id=7]

[sub_resource type="SpatialMaterial" id=1]
flags_world_triplanar = true
albedo_texture = ExtResource( 2 )
normal_enabled = true
normal_scale = 1.0
normal_texture = ExtResource( 3 )
ao_enabled = true
ao_light_affect = 0.0
ao_texture = ExtResource( 4 )
ao_on_uv2 = false
ao_texture_channel = 0
uv1_scale = Vector3( 0.3, 0.3, 0.3 )
uv1_triplanar = true

[sub_resource type="OpenSimplexNoise" id=5]

[sub_resource type="NoiseTexture" id=6]
seamless = true
noise = SubResource( 5 )

[sub_resource type="ShaderMaterial" id=7]
shader = ExtResource( 6 )
shader_param/INTENSITY = 1.0
shader_param/SCALE = 1.0
shader_param/NOISE_PATTERN = SubResource( 6 )

[sub_resource type="PlaneMesh" id=4]
size = Vector2( 2000, 2000 )

[sub_resource type="ShaderMaterial" id=3]
shader = ExtResource( 6 )
shader_param/INTENSITY = 0.5
shader_param/SCALE = 0.5
shader_param/NOISE_PATTERN = SubResource( 6 )

[sub_resource type="SpatialMaterial" id=8]
flags_transparent = true
flags_unshaded = true

[node name="Master" type="Spatial"]
script = ExtResource( 5 )

[node name="Ground" type="CSGBox" parent="."]
transform = Transform( 1, 0, 0, 0, 1, 0, 0, 0, 1, 0, -1, 0 )
material_override = SubResource( 1 )
use_collision = true
width = 104.0
depth = 86.0

[node name="CSGBox2" type="CSGBox" parent="Ground"]
transform = Transform( 1, 0, 0, 0, 1, 0, 0, 0, 1, 0, 1, 3 )

[node name="CSGBox3" type="CSGBox" parent="Ground"]
transform = Transform( 1, 0, 0, 0, 1, 0, 0, 0, 1, -3, 2, -4 )

[node name="CSGBox4" type="CSGBox" parent="Ground"]
transform = Transform( 1, 0, 0, 0, 1, 0, 0, 0, 1, 6, 2, -8 )
width = 6.0

[node name="GolfCart" parent="." instance=ExtResource( 1 )]
transform = Transform( 1, 0, 0, 0, 1, 0, 0, 0, 1, 0, 0.594811, 0 )

[node name="TargetCamera" type="Camera" parent="GolfCart"]
transform = Transform( -1.56391e-07, -0.545517, 0.8381, 4.56609e-08, 0.8381, 0.545517, -1, 1.23583e-07, -1.06163e-07, 4.95121, 6.15282, 0 )

[node name="PlayerCamera" type="Camera" parent="."]
transform = Transform( 0.0367832, 0, 0.999323, 0, 1, 0, -0.999323, 0, 0.0367832, 6.55898, 1.97953, -0.189761 )
current = true

[node name="Fog" type="CSGMesh" parent="."]
transform = Transform( 1, 0, 0, 0, 1, 0, 0, 0, 1, 0, 0.430467, 0 )
material_override = SubResource( 7 )
mesh = SubResource( 4 )

[node name="Fog2" type="CSGMesh" parent="."]
transform = Transform( 1, 0, 0, 0, 1, 0, 0, 0, 1, 0, 1.88619, 0 )
material_override = SubResource( 3 )
mesh = SubResource( 4 )

[node name="BounceEffect" type="CSGCombiner" parent="."]
transform = Transform( 1, 0, 0, 0, 1, 0, 0, 0, 1, 0, 0.17, 0 )
material_override = SubResource( 8 )

[node name="BounceOuter" type="CSGCylinder" parent="BounceEffect"]
height = 0.2
sides = 32

[node name="BounceInner" type="CSGCylinder" parent="BounceEffect"]
operation = 2
radius = 0.8
height = 0.4
sides = 32

[node name="Fence" parent="." instance=ExtResource( 7 )]
transform = Transform( 0.689657, 0, 0.724136, 0, 1, 0, -0.724136, 0, 0.689657, -9.44587, 0, 0.748642 )

[node name="Fence2" parent="." instance=ExtResource( 7 )]
transform = Transform( 0.996074, 0, -0.0885292, 0, 1, 0, 0.0885292, 0, 0.996074, -0.981506, 0, 6.54524 )

[node name="Fence3" parent="." instance=ExtResource( 7 )]
transform = Transform( 0.973829, 0, -0.22728, 0, 1, 0, 0.22728, 0, 0.973829, -12.3271, 0, -4.48978 )
