[gd_scene load_steps=8 format=2]

[ext_resource path="res://cart/GolfCart.tscn" type="PackedScene" id=1]
[ext_resource path="res://environment/Map.tscn" type="PackedScene" id=2]
[ext_resource path="res://sound/ES_Nervous Rabbit - Hampus Naeselius.mp3" type="AudioStream" id=3]
[ext_resource path="res://sound/ball-alarm.wav" type="AudioStream" id=4]
[ext_resource path="res://cart/Master.gd" type="Script" id=5]
[ext_resource path="res://ball/GolfBall.tscn" type="PackedScene" id=8]

[sub_resource type="SpatialMaterial" id=7]
flags_transparent = true
flags_unshaded = true

[node name="Master" type="Spatial"]
script = ExtResource( 5 )

[node name="GolfCart" parent="." instance=ExtResource( 1 )]
transform = Transform( 1, 0, 0, 0, 1, 0, 0, 0, 1, 0, 0.594811, 0 )

[node name="TargetCamera" type="Camera" parent="GolfCart"]
transform = Transform( -1.32356e-07, -0.236278, 0.971685, 9.49992e-08, 0.971685, 0.236278, -1, 1.23582e-07, -1.06162e-07, -0.0591539, 1.62384, 0.374998 )

[node name="TargetCamera2" type="Camera" parent="GolfCart"]
transform = Transform( -1.56391e-07, -0.545517, 0.8381, 4.56609e-08, 0.8381, 0.545517, -1, 1.23583e-07, -1.06163e-07, 4.95121, 6.15282, 0 )

[node name="PlayerCamera" type="Camera" parent="."]
transform = Transform( 0.0367832, 0, 0.999323, 0, 1, 0, -0.999323, 0, 0.0367832, 6.55898, 1.97953, -0.189761 )
current = true

[node name="BounceEffect" type="CSGCombiner" parent="."]
transform = Transform( 1, 0, 0, 0, 1, 0, 0, 0, 1, 0, 0.17, 0 )
material_override = SubResource( 7 )

[node name="BounceOuter" type="CSGCylinder" parent="BounceEffect"]
height = 0.2
sides = 32

[node name="BounceInner" type="CSGCylinder" parent="BounceEffect"]
operation = 2
radius = 0.8
height = 0.4
sides = 32

[node name="BallSpawner" type="Spatial" parent="."]
transform = Transform( 1, 0, 0, 0, 1, 0, 0, 0, 1, -5.8533, -0.85635, 2.38419e-07 )

[node name="GolfBall" parent="BallSpawner" instance=ExtResource( 8 )]

[node name="Map" parent="." instance=ExtResource( 2 )]

[node name="Music" type="AudioStreamPlayer" parent="."]
stream = ExtResource( 3 )
autoplay = true

[node name="BallAlarm" type="AudioStreamPlayer" parent="."]
stream = ExtResource( 4 )
volume_db = -6.707
