[gd_scene load_steps=15 format=2]

[ext_resource path="res://cart/GolfCart.tscn" type="PackedScene" id=1]
[ext_resource path="res://environment/ground/TexturesCom_Ground_SoilRocky3_2x2_512_albedo.png" type="Texture" id=2]
[ext_resource path="res://environment/ground/TexturesCom_Ground_SoilRocky3_2x2_512_normal.png" type="Texture" id=3]
[ext_resource path="res://environment/ground/TexturesCom_Ground_SoilRocky3_2x2_512_ao.png" type="Texture" id=4]
[ext_resource path="res://cart/Master.gd" type="Script" id=5]
[ext_resource path="res://environment/ground/GroundFog.shader" type="Shader" id=6]
[ext_resource path="res://environment/fence/Fence.tscn" type="PackedScene" id=7]

[sub_resource type="SpatialMaterial" id=1]
flags_world_triplanar = true
albedo_texture = ExtResource( 2 )
normal_enabled = true
normal_scale = 1.0
normal_texture = ExtResource( 3 )
ao_enabled = true
ao_light_affect = 0.0
ao_texture = ExtResource( 4 )
ao_on_uv2 = false
ao_texture_channel = 0
uv1_scale = Vector3( 0.3, 0.3, 0.3 )
uv1_triplanar = true

[sub_resource type="OpenSimplexNoise" id=2]

[sub_resource type="NoiseTexture" id=3]
seamless = true
noise = SubResource( 2 )

[sub_resource type="ShaderMaterial" id=4]
shader = ExtResource( 6 )
shader_param/INTENSITY = 1.0
shader_param/SCALE = 1.0
shader_param/NOISE_PATTERN = SubResource( 3 )

[sub_resource type="PlaneMesh" id=5]
size = Vector2( 2000, 2000 )

[sub_resource type="ShaderMaterial" id=6]
shader = ExtResource( 6 )
shader_param/INTENSITY = 0.5
shader_param/SCALE = 0.5
shader_param/NOISE_PATTERN = SubResource( 3 )

[sub_resource type="SpatialMaterial" id=7]
flags_transparent = true
flags_unshaded = true

[node name="Master" type="Spatial"]
script = ExtResource( 5 )

[node name="CSGCombiner" type="CSGCombiner" parent="."]
material_override = SubResource( 1 )
use_collision = true

[node name="Ground" type="CSGBox" parent="CSGCombiner"]
transform = Transform( 1, 0, 0, 0, 1, 0, 0, 0, 1, 0, -1, 0 )
material_override = SubResource( 1 )
use_collision = true
width = 60.0
depth = 60.0

[node name="CSGBox" type="CSGBox" parent="CSGCombiner"]
transform = Transform( 1, 0, 0, 0, 1, 0, 0, 0, 1, -10, 2, 13 )
width = 20.0
height = 4.0
depth = 6.0

[node name="CSGBox2" type="CSGBox" parent="CSGCombiner"]
transform = Transform( 0.866025, 0.5, 0, -0.5, 0.866025, 0, 0, 0, 1, 7.63645, -2.73779, 13 )
width = 20.0
height = 4.0
depth = 6.0

[node name="GolfCart" parent="." instance=ExtResource( 1 )]
transform = Transform( 1, 0, 0, 0, 1, 0, 0, 0, 1, 0, 0.594811, 0 )

[node name="TargetCamera" type="Camera" parent="GolfCart"]
transform = Transform( -1.32356e-07, -0.236278, 0.971685, 9.49992e-08, 0.971685, 0.236278, -1, 1.23582e-07, -1.06162e-07, -0.0591539, 1.62384, 0.374998 )

[node name="TargetCamera2" type="Camera" parent="GolfCart"]
transform = Transform( -1.56391e-07, -0.545517, 0.8381, 4.56609e-08, 0.8381, 0.545517, -1, 1.23583e-07, -1.06163e-07, 4.95121, 6.15282, 0 )

[node name="PlayerCamera" type="Camera" parent="."]
transform = Transform( 0.0367832, 0, 0.999323, 0, 1, 0, -0.999323, 0, 0.0367832, 6.55898, 1.97953, -0.189761 )
current = true

[node name="Fog" type="CSGMesh" parent="."]
transform = Transform( 1, 0, 0, 0, 1, 0, 0, 0, 1, 0, 0.430467, 0 )
material_override = SubResource( 4 )
cast_shadow = 0
mesh = SubResource( 5 )

[node name="Fog2" type="CSGMesh" parent="."]
transform = Transform( 1, 0, 0, 0, 1, 0, 0, 0, 1, 0, 1.88619, 0 )
material_override = SubResource( 6 )
cast_shadow = 0
mesh = SubResource( 5 )

[node name="BounceEffect" type="CSGCombiner" parent="."]
transform = Transform( 1, 0, 0, 0, 1, 0, 0, 0, 1, 0, 0.17, 0 )
material_override = SubResource( 7 )

[node name="BounceOuter" type="CSGCylinder" parent="BounceEffect"]
height = 0.2
sides = 32

[node name="BounceInner" type="CSGCylinder" parent="BounceEffect"]
operation = 2
radius = 0.8
height = 0.4
sides = 32

[node name="Fence" parent="." instance=ExtResource( 7 )]
transform = Transform( 0.689657, 0, 0.724136, 0, 1, 0, -0.724136, 0, 0.689657, -9.44587, 0, 0.748642 )

[node name="Fence2" parent="." instance=ExtResource( 7 )]
transform = Transform( 0.828989, 0, 0.559265, 0, 1, 0, -0.559265, 0, 0.828989, -16.473, 0, 6.2526 )

[node name="Fence3" parent="." instance=ExtResource( 7 )]
transform = Transform( 0.973829, 0, -0.22728, 0, 1, 0, 0.22728, 0, 0.973829, -12.3271, 0, -4.48978 )

[node name="Fence4" parent="." instance=ExtResource( 7 )]
transform = Transform( 0.973829, 0, -0.22728, 0, 1, 0, 0.22728, 0, 0.973829, -17.9412, 0, 2.64532 )

[node name="Fence10" parent="." instance=ExtResource( 7 )]
transform = Transform( 0.970042, 0, 0.242938, 0, 1, 0, -0.242938, 0, 0.970042, 13.9023, 0, 5.64085 )

[node name="Fence11" parent="." instance=ExtResource( 7 )]
transform = Transform( 0.973829, 0, -0.22728, 0, 1, 0, 0.22728, 0, 0.973829, 16.0124, 0, 12.399 )

[node name="Fence5" parent="." instance=ExtResource( 7 )]
transform = Transform( 0.973829, 0, -0.22728, 0, 1, 0, 0.22728, 0, 0.973829, -17.0256, 0, -2.77552 )

[node name="Fence6" parent="." instance=ExtResource( 7 )]
transform = Transform( 0.989265, 0, -0.146135, 0, 1, 0, 0.146135, 0, 0.989265, -29.0645, 4.76837e-07, 6.00366 )

[node name="Fence4" parent="Fence6" instance=ExtResource( 7 )]
transform = Transform( 0.997222, 0, 0.0744914, 0, 1, 0, -0.0744914, 0, 0.997222, -0.641726, 0, -9.88334 )

[node name="Fence5" parent="Fence6" instance=ExtResource( 7 )]
transform = Transform( 0.989034, 0, 0.147689, 0, 1, 0, -0.147689, 0, 0.989034, -0.464127, 0, -4.92176 )

[node name="Fence7" parent="Fence6" instance=ExtResource( 7 )]
transform = Transform( 0.980863, 0, 0.194697, 0, 1, 0, -0.194697, 0, 0.980863, -1.58511, 0, -14.5756 )

[node name="Fence7" parent="." instance=ExtResource( 7 )]
transform = Transform( 0.989265, 0, -0.146135, 0, 1, 0, 0.146135, 0, 0.989265, -29.0645, 4.76837e-07, 25.285 )

[node name="Fence4" parent="Fence7" instance=ExtResource( 7 )]
transform = Transform( 0.997222, 0, 0.0744914, 0, 1, 0, -0.0744914, 0, 0.997222, -0.641726, 0, -9.88334 )

[node name="Fence5" parent="Fence7" instance=ExtResource( 7 )]
transform = Transform( 0.989034, 0, 0.147689, 0, 1, 0, -0.147689, 0, 0.989034, -0.464127, 0, -4.92176 )

[node name="Fence7" parent="Fence7" instance=ExtResource( 7 )]
transform = Transform( 0.980863, 0, 0.194697, 0, 1, 0, -0.194697, 0, 0.980863, -1.58511, 0, -14.5756 )

[node name="Fence8" parent="." instance=ExtResource( 7 )]
transform = Transform( 0.989265, 0, -0.146135, 0, 1, 0, 0.146135, 0, 0.989265, -29.0645, 4.76837e-07, -13.3396 )

[node name="Fence4" parent="Fence8" instance=ExtResource( 7 )]
transform = Transform( 0.997222, 0, 0.0744914, 0, 1, 0, -0.0744914, 0, 0.997222, -0.641726, 0, -9.88334 )

[node name="Fence5" parent="Fence8" instance=ExtResource( 7 )]
transform = Transform( 0.989034, 0, 0.147689, 0, 1, 0, -0.147689, 0, 0.989034, -0.464127, 0, -4.92176 )

[node name="Fence7" parent="Fence8" instance=ExtResource( 7 )]
transform = Transform( 0.980863, 0, 0.194697, 0, 1, 0, -0.194697, 0, 0.980863, -1.58511, 0, -14.5756 )

[node name="Fence9" parent="." instance=ExtResource( 7 )]
transform = Transform( 0.111105, 0, 0.993809, 0, 1, 0, -0.993809, 0, 0.111105, -2.5144, 4.07369, 15.4467 )

[node name="Fence4" parent="Fence9" instance=ExtResource( 7 )]
transform = Transform( 0.997222, 0, 0.0744914, 0, 1, 0, -0.0744914, 0, 0.997222, -0.641726, 0, -9.88334 )

[node name="Fence5" parent="Fence9" instance=ExtResource( 7 )]
transform = Transform( 0.989034, 0, 0.147689, 0, 1, 0, -0.147689, 0, 0.989034, -0.464127, 0, -4.92176 )

[node name="Fence7" parent="Fence9" instance=ExtResource( 7 )]
transform = Transform( 0.980863, 0, 0.194697, 0, 1, 0, -0.194697, 0, 0.980863, -1.58511, 0, -14.5756 )
