[gd_scene load_steps=24 format=2]

[ext_resource path="res://environment/ground/TexturesCom_Ground_SoilRocky3_2x2_512_normal.png" type="Texture" id=1]
[ext_resource path="res://environment/ground/TexturesCom_Ground_SoilRocky3_2x2_512_ao.png" type="Texture" id=2]
[ext_resource path="res://environment/ground/GroundFog.shader" type="Shader" id=3]
[ext_resource path="res://environment/ground/TexturesCom_Ground_SoilRocky3_2x2_512_albedo.png" type="Texture" id=4]
[ext_resource path="res://environment/fence/Fence.tscn" type="PackedScene" id=5]
[ext_resource path="res://environment/trees/Tree3.tscn" type="PackedScene" id=6]
[ext_resource path="res://environment/trees/Tree1.tscn" type="PackedScene" id=7]
[ext_resource path="res://environment/trees/Tree2.tscn" type="PackedScene" id=8]
[ext_resource path="res://environment/trees2/Birch2.tscn" type="PackedScene" id=9]
[ext_resource path="res://environment/trees2/Birch3.tscn" type="PackedScene" id=10]
[ext_resource path="res://environment/trees2/Birch1.tscn" type="PackedScene" id=11]
[ext_resource path="res://environment/trees2/Leafy2.tscn" type="PackedScene" id=12]
[ext_resource path="res://environment/trees2/Leafy3.tscn" type="PackedScene" id=13]
[ext_resource path="res://environment/trees2/Leafy1.tscn" type="PackedScene" id=14]
[ext_resource path="res://environment/trees2/Fir3.tscn" type="PackedScene" id=15]
[ext_resource path="res://environment/trees2/Fir1.tscn" type="PackedScene" id=16]
[ext_resource path="res://environment/trees2/Fir2.tscn" type="PackedScene" id=17]

[sub_resource type="OpenSimplexNoise" id=1]

[sub_resource type="NoiseTexture" id=2]
seamless = true
noise = SubResource( 1 )

[sub_resource type="ShaderMaterial" id=3]
shader = ExtResource( 3 )
shader_param/INTENSITY = 1.0
shader_param/SCALE = 1.0
shader_param/NOISE_PATTERN = SubResource( 2 )

[sub_resource type="PlaneMesh" id=4]
size = Vector2( 2000, 2000 )

[sub_resource type="ShaderMaterial" id=5]
shader = ExtResource( 3 )
shader_param/INTENSITY = 0.5
shader_param/SCALE = 0.5
shader_param/NOISE_PATTERN = SubResource( 2 )

[sub_resource type="SpatialMaterial" id=6]
flags_world_triplanar = true
albedo_texture = ExtResource( 4 )
normal_enabled = true
normal_scale = 1.0
normal_texture = ExtResource( 1 )
ao_enabled = true
ao_light_affect = 0.0
ao_texture = ExtResource( 2 )
ao_on_uv2 = false
ao_texture_channel = 0
uv1_scale = Vector3( 0.3, 0.3, 0.3 )
uv1_triplanar = true

[node name="Map" type="Spatial"]

[node name="Fog" type="CSGMesh" parent="."]
transform = Transform( 1, 0, 0, 0, 1, 0, 0, 0, 1, 0, 0.430467, 0 )
material_override = SubResource( 3 )
cast_shadow = 0
mesh = SubResource( 4 )

[node name="Fog2" type="CSGMesh" parent="."]
transform = Transform( 1, 0, 0, 0, 1, 0, 0, 0, 1, 0, 1.88619, 0 )
material_override = SubResource( 5 )
cast_shadow = 0
mesh = SubResource( 4 )

[node name="Ground" type="CSGCombiner" parent="."]
material_override = SubResource( 6 )
use_collision = true

[node name="GroundBox" type="CSGBox" parent="Ground"]
transform = Transform( 1, 0, 0, 0, 1, 0, 0, 0, 1, 0, -1, 0 )
material_override = SubResource( 6 )
use_collision = true
width = 80.0
depth = 80.0

[node name="ElevatedBox" type="CSGBox" parent="Ground"]
transform = Transform( 1, 0, 0, 0, 1, 0, 0, 0, 1, -10, 2, 22 )
width = 20.0
height = 4.0
depth = 24.0

[node name="RampBox" type="CSGBox" parent="Ground"]
transform = Transform( 0.866025, 0.5, 0, -0.5, 0.866025, 0, 0, 0, 1, 7.63645, -2.73779, 13 )
width = 20.0
height = 4.0
depth = 6.0

[node name="Fence9" parent="." instance=ExtResource( 5 )]
transform = Transform( 0.111105, 0, 0.993809, 0, 1, 0, -0.993809, 0, 0.111105, -2.5144, 4.07369, 33.1105 )

[node name="Fence4" parent="Fence9" instance=ExtResource( 5 )]
transform = Transform( 0.997222, 0, 0.0744914, 0, 1, 0, -0.0744914, 0, 0.997222, -0.641726, 0, -9.88334 )

[node name="Fence5" parent="Fence9" instance=ExtResource( 5 )]
transform = Transform( 0.989034, 0, 0.147689, 0, 1, 0, -0.147689, 0, 0.989034, -0.464127, 0, -4.92176 )

[node name="Fence7" parent="Fence9" instance=ExtResource( 5 )]
transform = Transform( 0.980863, 0, 0.194697, 0, 1, 0, -0.194697, 0, 0.980863, -1.58511, 0, -14.5756 )

[node name="Fence18" parent="." instance=ExtResource( 5 )]
transform = Transform( 0.111105, 0, 0.993809, 0, 1, 0, -0.993809, 0, 0.111105, -2.5144, 4.07369, 10.6287 )

[node name="Fence4" parent="Fence18" instance=ExtResource( 5 )]
transform = Transform( 0.997222, 0, 0.0744914, 0, 1, 0, -0.0744914, 0, 0.997222, -0.641726, 0, -9.88334 )

[node name="Fence5" parent="Fence18" instance=ExtResource( 5 )]
transform = Transform( 0.989034, 0, 0.147689, 0, 1, 0, -0.147689, 0, 0.989034, -0.464127, 0, -4.92176 )

[node name="Fence7" parent="Fence18" instance=ExtResource( 5 )]
transform = Transform( 0.980863, 0, 0.194697, 0, 1, 0, -0.194697, 0, 0.980863, -1.58511, 0, -14.5756 )

[node name="Fence19" parent="." instance=ExtResource( 5 )]
transform = Transform( -0.984729, 0, 0.174095, 0, 1, 0, -0.174095, 0, -0.984729, -18.6627, 4.07369, 14.5898 )

[node name="Fence4" parent="Fence19" instance=ExtResource( 5 )]
transform = Transform( 0.997222, 0, 0.0744914, 0, 1, 0, -0.0744914, 0, 0.997222, -0.641726, 0, -9.88334 )

[node name="Fence5" parent="Fence19" instance=ExtResource( 5 )]
transform = Transform( 0.989034, 0, 0.147689, 0, 1, 0, -0.147689, 0, 0.989034, -0.464127, 0, -4.92176 )

[node name="Fence7" parent="Fence19" instance=ExtResource( 5 )]
transform = Transform( 0.980863, 0, 0.194697, 0, 1, 0, -0.194697, 0, 0.980863, -1.58511, 0, -14.5756 )

[node name="Fence20" parent="." instance=ExtResource( 5 )]
transform = Transform( -0.984729, 0, 0.174095, 0, 1, 0, -0.174095, 0, -0.984729, -0.731935, 4.07369, 18.0083 )

[node name="Fence4" parent="Fence20" instance=ExtResource( 5 )]
transform = Transform( 0.997222, 0, 0.0744914, 0, 1, 0, -0.0744914, 0, 0.997222, -0.641726, 0, -9.88334 )

[node name="Fence5" parent="Fence20" instance=ExtResource( 5 )]
transform = Transform( 0.989034, 0, 0.147689, 0, 1, 0, -0.147689, 0, 0.989034, -0.464127, 0, -4.92176 )

[node name="Fence" parent="." instance=ExtResource( 5 )]
transform = Transform( 0.689657, 0, 0.724136, 0, 1, 0, -0.724136, 0, 0.689657, -9.44587, 0, 0.748642 )

[node name="Fence6" parent="." instance=ExtResource( 5 )]
transform = Transform( 0.689657, 0, 0.724136, 0, 1, 0, -0.724136, 0, 0.689657, -31.4073, -1.90735e-06, 8.48248 )

[node name="Fence21" parent="." instance=ExtResource( 5 )]
transform = Transform( 0.689657, 0, 0.724136, 0, 1, 0, -0.724136, 0, 0.689657, -14.1745, -1.90735e-06, -38.5369 )

[node name="Fence22" parent="." instance=ExtResource( 5 )]
transform = Transform( 0.689657, 0, 0.724136, 0, 1, 0, -0.724136, 0, 0.689657, -10.9787, -1.90735e-06, -35.2096 )

[node name="Fence23" parent="." instance=ExtResource( 5 )]
transform = Transform( 0.903283, 0, 0.429046, 0, 1, 0, -0.429046, 0, 0.903283, -8.07631, -1.90735e-06, -31.8106 )

[node name="Fence24" parent="." instance=ExtResource( 5 )]
transform = Transform( 0.903283, 0, 0.429046, 0, 1, 0, -0.429046, 0, 0.903283, -6.46022, -1.90735e-06, -26.889 )

[node name="Fence25" parent="." instance=ExtResource( 5 )]
transform = Transform( 0.903283, 0, 0.429046, 0, 1, 0, -0.429046, 0, 0.903283, -4.22019, -1.90735e-06, -22.5395 )

[node name="Fence7" parent="." instance=ExtResource( 5 )]
transform = Transform( -0.105223, 0, 0.994448, 0, 1, 0, -0.994448, 0, -0.105223, -36.6866, 1.90735e-06, -1.64421 )

[node name="Fence12" parent="." instance=ExtResource( 5 )]
transform = Transform( 0.417946, 0, 0.908472, 0, 1, 0, -0.908472, 0, 0.417946, -32.8777, 1.90735e-06, 34.4939 )

[node name="Fence13" parent="." instance=ExtResource( 5 )]
transform = Transform( -0.552112, 0, 0.83377, 0, 1, 0, -0.83377, 0, -0.552112, -37.2782, 1.90735e-06, 37.5489 )

[node name="Fence14" parent="." instance=ExtResource( 5 )]
transform = Transform( -0.552112, 0, 0.83377, 0, 1, 0, -0.83377, 0, -0.552112, -26.0257, 1.90735e-06, 38.2141 )

[node name="Fence26" parent="." instance=ExtResource( 5 )]
transform = Transform( -0.987295, 0, 0.158899, 0, 1, 0, -0.158899, 0, -0.987295, -10.9293, 1.90735e-06, 37.6637 )

[node name="Fence8" parent="." instance=ExtResource( 5 )]
transform = Transform( -0.0388767, 0, 0.999244, 0, 1, 0, -0.999244, 0, -0.0388767, -36.6986, 1.90735e-06, 15.3353 )

[node name="Fence2" parent="." instance=ExtResource( 5 )]
transform = Transform( 0.828989, 0, 0.559265, 0, 1, 0, -0.559265, 0, 0.828989, -16.473, 0, 6.2526 )

[node name="Fence3" parent="." instance=ExtResource( 5 )]
transform = Transform( 0.973829, 0, -0.22728, 0, 1, 0, 0.22728, 0, 0.973829, -12.3271, 0, -4.48978 )

[node name="Fence4" parent="." instance=ExtResource( 5 )]
transform = Transform( 0.973829, 0, -0.22728, 0, 1, 0, 0.22728, 0, 0.973829, -17.9412, 0, 2.64532 )

[node name="Fence10" parent="." instance=ExtResource( 5 )]
transform = Transform( 0.970042, 0, 0.242938, 0, 1, 0, -0.242938, 0, 0.970042, 17.6963, 0, 5.47883 )

[node name="Fence11" parent="." instance=ExtResource( 5 )]
transform = Transform( 0.973829, 0, -0.22728, 0, 1, 0, 0.22728, 0, 0.973829, 16.0124, 0, 12.399 )

[node name="Fence15" parent="." instance=ExtResource( 5 )]
transform = Transform( 0.973829, 0, -0.22728, 0, 1, 0, 0.22728, 0, 0.973829, 20.8312, 0, 32.417 )

[node name="Fence16" parent="." instance=ExtResource( 5 )]
transform = Transform( 0.973829, 0, -0.22728, 0, 1, 0, 0.22728, 0, 0.973829, 30.6257, 0, 27.5332 )

[node name="Fence17" parent="." instance=ExtResource( 5 )]
transform = Transform( 0.302869, 0, 0.953032, 0, 1, 0, -0.953032, 0, 0.302869, 25.3392, 0, 35.4596 )

[node name="Fence27" parent="." instance=ExtResource( 5 )]
transform = Transform( 0.302869, 0, 0.953032, 0, 1, 0, -0.953032, 0, 0.302869, 17.7299, 0, 29.8643 )

[node name="Fence28" parent="." instance=ExtResource( 5 )]
transform = Transform( 0.302869, 0, 0.953032, 0, 1, 0, -0.953032, 0, 0.302869, 29.6511, 0, 37.2714 )

[node name="Fence5" parent="." instance=ExtResource( 5 )]
transform = Transform( 0.973829, 0, -0.22728, 0, 1, 0, 0.22728, 0, 0.973829, -17.0256, 0, -2.77552 )

[node name="Birch1" parent="." instance=ExtResource( 11 )]
transform = Transform( 1, 0, 0, 0, -4.37114e-08, 1, 0, -1, -4.37114e-08, -4.85187, 0, 6.19633 )

[node name="Birch5" parent="." instance=ExtResource( 11 )]
transform = Transform( 1, 0, 0, 0, -4.37114e-08, 1, 0, -1, -4.37114e-08, -14.9125, 3.83953, 14.5009 )

[node name="Birch2" parent="." instance=ExtResource( 9 )]
transform = Transform( 1, 0, 0, 0, -4.37114e-08, 1, 0, -1, -4.37114e-08, -1.03328, 0, 6.7647 )

[node name="Birch4" parent="." instance=ExtResource( 9 )]
transform = Transform( 1, 0, 0, 0, -4.37114e-08, 1, 0, -1, -4.37114e-08, -4.07132, 3.9394, 18.6479 )

[node name="Birch3" parent="." instance=ExtResource( 10 )]
transform = Transform( 1, 0, 0, 0, -4.37114e-08, 1, 0, -1, -4.37114e-08, 6.00736, 0, 7.2381 )

[node name="Birch6" parent="." instance=ExtResource( 11 )]
transform = Transform( 1, 0, 0, 0, -4.37114e-08, 1, 0, -1, -4.37114e-08, -23.5089, 0, -8.83857 )

[node name="Birch7" parent="." instance=ExtResource( 9 )]
transform = Transform( 1, 0, 0, 0, -4.37114e-08, 1, 0, -1, -4.37114e-08, -19.6903, 0, -8.2702 )

[node name="Birch8" parent="." instance=ExtResource( 10 )]
transform = Transform( 1, 0, 0, 0, -4.37114e-08, 1, 0, -1, -4.37114e-08, -12.6497, 0, -7.7968 )

[node name="Birch9" parent="." instance=ExtResource( 11 )]
transform = Transform( -0.219114, 0.975699, 4.26492e-08, 0, -4.37114e-08, 1, 0.975699, 0.219114, 9.57778e-09, -25.8164, 0, 5.40605 )

[node name="Birch10" parent="." instance=ExtResource( 9 )]
transform = Transform( -0.219114, 0.975699, 4.26492e-08, 0, -4.37114e-08, 1, 0.975699, 0.219114, 9.57778e-09, -22.439, 0, 9.89889 )

[node name="Birch11" parent="." instance=ExtResource( 10 )]
transform = Transform( -0.219114, 0.975699, 4.26492e-08, 0, -4.37114e-08, 1, 0.975699, 0.219114, 9.57778e-09, -29.2123, 0, 15.7731 )

[node name="Birch12" parent="." instance=ExtResource( 11 )]
transform = Transform( -0.0901806, 0.995925, 4.35333e-08, 0, -4.37114e-08, 1, 0.995925, 0.0901806, 3.94192e-09, -27.7015, 0, 29.678 )

[node name="Birch13" parent="." instance=ExtResource( 9 )]
transform = Transform( -0.0901806, 0.995925, 4.35333e-08, 0, -4.37114e-08, 1, 0.995925, 0.0901806, 3.94192e-09, -38.0815, 0, 25.0158 )

[node name="Birch14" parent="." instance=ExtResource( 10 )]
transform = Transform( -0.0901806, 0.995925, 4.35333e-08, 0, -4.37114e-08, 1, 0.995925, 0.0901806, 3.94192e-09, -39.522, 0, 35.9707 )

[node name="Leafy1" parent="." instance=ExtResource( 14 )]
transform = Transform( 7.54979e-08, -1, -4.37114e-08, 0, -4.37114e-08, 1, -1, -7.54979e-08, -3.30012e-15, -6.48233, 0, -22.567 )

[node name="Leafy2" parent="." instance=ExtResource( 12 )]
transform = Transform( 7.54979e-08, -1, -4.37114e-08, 0, -4.37114e-08, 1, -1, -7.54979e-08, -3.30012e-15, -0.99913, 0, -21.5705 )

[node name="Leafy3" parent="." instance=ExtResource( 13 )]
transform = Transform( -0.991067, 0.133363, 5.8295e-09, 0, -4.37114e-08, 1, 0.133363, 0.991067, 4.33209e-08, 2.83571, 0, -16.1773 )

[node name="Leafy4" parent="." instance=ExtResource( 14 )]
transform = Transform( -0.333889, 0.942612, 4.12029e-08, 0, -4.37114e-08, 1, 0.942612, 0.333889, 1.45948e-08, 2.97609, 0, -23.662 )

[node name="Leafy5" parent="." instance=ExtResource( 12 )]
transform = Transform( -0.333889, 0.942612, 4.12029e-08, 0, -4.37114e-08, 1, 0.942612, 0.333889, 1.45948e-08, -1.85972, 0, -26.4321 )

[node name="Leafy6" parent="." instance=ExtResource( 13 )]
transform = Transform( -0.333889, 0.942612, 4.12029e-08, 0, -4.37114e-08, 1, 0.942612, 0.333889, 1.45948e-08, -3.67376, 0, -32.7962 )

[node name="Leafy7" parent="." instance=ExtResource( 14 )]
transform = Transform( 0.695725, 0.718308, 3.13983e-08, 0, -4.37114e-08, 1, 0.718308, -0.695725, -3.04111e-08, 10.0315, 0, -37.8839 )

[node name="Leafy8" parent="." instance=ExtResource( 12 )]
transform = Transform( 0.695725, 0.718308, 3.13983e-08, 0, -4.37114e-08, 1, 0.718308, -0.695725, -3.04111e-08, 5.39959, 0, -34.7849 )

[node name="Leafy28" parent="." instance=ExtResource( 12 )]
transform = Transform( 0.695725, 0.718308, 3.13983e-08, 0, -4.37114e-08, 1, 0.718308, -0.695725, -3.04111e-08, 1.97988, 0, -30.4743 )

[node name="Leafy29" parent="." instance=ExtResource( 12 )]
transform = Transform( 0.937719, -0.347394, -1.51851e-08, 0, -4.37114e-08, 1, -0.347394, -0.937719, -4.0989e-08, -30.639, 0, -31.0394 )

[node name="Leafy9" parent="." instance=ExtResource( 13 )]
transform = Transform( 0.695725, 0.718308, 3.13983e-08, 0, -4.37114e-08, 1, 0.718308, -0.695725, -3.04111e-08, -1.1072, 0, -35.9909 )

[node name="Leafy10" parent="." instance=ExtResource( 14 )]
transform = Transform( 0.695725, 0.718308, 3.13983e-08, 0, -4.37114e-08, 1, 0.718308, -0.695725, -3.04111e-08, -9.44925, 0, -37.2838 )

[node name="Leafy11" parent="." instance=ExtResource( 12 )]
transform = Transform( 0.695725, 0.718308, 3.13983e-08, 0, -4.37114e-08, 1, 0.718308, -0.695725, -3.04111e-08, -14.0812, 0, -34.1848 )

[node name="Leafy12" parent="." instance=ExtResource( 13 )]
transform = Transform( 0.695725, 0.718308, 3.13983e-08, 0, -4.37114e-08, 1, 0.718308, -0.695725, -3.04111e-08, -20.588, 0, -35.3907 )

[node name="Leafy13" parent="." instance=ExtResource( 14 )]
transform = Transform( 0.609869, 0.792503, 3.46414e-08, 0, -4.37114e-08, 1, 0.792503, -0.609869, -2.66582e-08, -9.00016, 0, -30.643 )

[node name="Leafy14" parent="." instance=ExtResource( 12 )]
transform = Transform( 0.609869, 0.792503, 3.46414e-08, 0, -4.37114e-08, 1, 0.792503, -0.609869, -2.66582e-08, -13.9533, 0, -28.0887 )

[node name="Leafy25" parent="." instance=ExtResource( 14 )]
transform = Transform( 7.54979e-08, -1, -4.37114e-08, 0, -4.37114e-08, 1, -1, -7.54979e-08, -3.30012e-15, -8.90423, 0, -16.3267 )

[node name="Leafy26" parent="." instance=ExtResource( 14 )]
transform = Transform( 0.609869, 0.792503, 3.46414e-08, 0, -4.37114e-08, 1, 0.792503, -0.609869, -2.66582e-08, -11.4221, 0, -24.4027 )

[node name="Leafy27" parent="." instance=ExtResource( 12 )]
transform = Transform( 0.969046, -0.246881, -1.07915e-08, 0, -4.37114e-08, 1, -0.246881, -0.969046, -4.23584e-08, -16.3752, 0, -21.8484 )

[node name="Leafy30" parent="." instance=ExtResource( 12 )]
transform = Transform( -0.564665, 0.825321, 3.60759e-08, 0, -4.37114e-08, 1, 0.825321, 0.564665, 2.46823e-08, -16.0057, -1.90735e-06, -14.2428 )

[node name="Leafy15" parent="." instance=ExtResource( 13 )]
transform = Transform( -0.831818, -0.555048, -2.42619e-08, 0, -4.37114e-08, 1, -0.555048, 0.831818, 3.636e-08, -20.2816, 0, -30.0241 )

[node name="Leafy16" parent="." instance=ExtResource( 14 )]
transform = Transform( 0.0510461, -0.998696, -4.36544e-08, 0, -4.37114e-08, 1, -0.998696, -0.0510461, -2.2313e-09, -30.3278, 0, -26.0849 )

[node name="Leafy17" parent="." instance=ExtResource( 12 )]
transform = Transform( 0.0510461, -0.998696, -4.36544e-08, 0, -4.37114e-08, 1, -0.998696, -0.0510461, -2.2313e-09, -24.9026, 0, -24.8098 )

[node name="Leafy18" parent="." instance=ExtResource( 13 )]
transform = Transform( 0.0510461, -0.998696, -4.36544e-08, 0, -4.37114e-08, 1, -0.998696, -0.0510461, -2.2313e-09, -21.348, 0, -19.2278 )

[node name="Leafy19" parent="." instance=ExtResource( 14 )]
transform = Transform( 0.999459, -0.0328936, -1.43782e-09, 0, -4.37114e-08, 1, -0.0328936, -0.999459, -4.36877e-08, -35.5861, 0, -35.9927 )

[node name="Leafy20" parent="." instance=ExtResource( 12 )]
transform = Transform( -0.294741, -0.955577, -4.17696e-08, 0, -4.37114e-08, 1, -0.955577, 0.294741, 1.28835e-08, -30.0528, 0, -36.6566 )

[node name="Leafy21" parent="." instance=ExtResource( 13 )]
transform = Transform( -0.294741, -0.955577, -4.17696e-08, 0, -4.37114e-08, 1, -0.955577, 0.294741, 1.28835e-08, -24.7987, 0, -32.6332 )

[node name="Leafy22" parent="." instance=ExtResource( 14 )]
transform = Transform( 0.891236, -0.45354, -1.98248e-08, 0, -4.37114e-08, 1, -0.45354, -0.891236, -3.89572e-08, -35.2118, 0, -28.7503 )

[node name="Leafy23" parent="." instance=ExtResource( 12 )]
transform = Transform( -0.432731, -0.901523, -3.94068e-08, 0, -4.37114e-08, 1, -0.901523, 0.432731, 1.89153e-08, -33.6131, 0, -23.4115 )

[node name="Leafy24" parent="." instance=ExtResource( 13 )]
transform = Transform( 0.891236, -0.45354, -1.98248e-08, 0, -4.37114e-08, 1, -0.45354, -0.891236, -3.89572e-08, -36.6804, 0, -17.5478 )

[node name="FirForest" type="Spatial" parent="."]

[node name="Fir1" parent="FirForest" instance=ExtResource( 16 )]
transform = Transform( 0.563526, -0.826098, -3.61099e-08, 0, -4.37114e-08, 1, -0.826098, -0.563526, -2.46325e-08, 35.4757, 0, 30.5675 )

[node name="Fir4" parent="FirForest" instance=ExtResource( 16 )]
transform = Transform( 1, 0, 0, 0, -4.37114e-08, 1, 0, -1, -4.37114e-08, 34.6486, 0, 4.29136 )

[node name="Fir18" parent="FirForest" instance=ExtResource( 16 )]
transform = Transform( -0.565946, -0.824442, -3.60375e-08, 0, -4.37114e-08, 1, -0.824442, 0.565946, 2.47383e-08, 38.0984, 0, 1.65004 )

[node name="Fir2" parent="FirForest" instance=ExtResource( 17 )]
transform = Transform( 0.775176, -0.631745, -2.76145e-08, 0, -4.37114e-08, 1, -0.631745, -0.775176, -3.3884e-08, 30.0284, 1.90735e-06, 36.0844 )

[node name="Fir21" parent="FirForest" instance=ExtResource( 17 )]
transform = Transform( 0.775176, -0.631745, -2.76145e-08, 0, -4.37114e-08, 1, -0.631745, -0.775176, -3.3884e-08, 37.2562, 9.53676e-07, 38.3578 )

[node name="Fir5" parent="FirForest" instance=ExtResource( 17 )]
transform = Transform( 1, 0, 0, 0, -4.37114e-08, 1, 0, -1, -4.37114e-08, 37.6582, 1.90735e-06, 10.654 )

[node name="Fir20" parent="FirForest" instance=ExtResource( 17 )]
transform = Transform( 0.166992, -0.985958, -4.30976e-08, 0, -4.37114e-08, 1, -0.985958, -0.166992, -7.29947e-09, 38.1077, 1.90735e-06, 5.94136 )

[node name="Fir3" parent="FirForest" instance=ExtResource( 15 )]
transform = Transform( -0.394936, 0.918709, 4.0158e-08, 0, -4.37114e-08, 1, 0.918709, 0.394936, 1.72632e-08, 25.523, -1.90735e-06, 31.8328 )

[node name="Fir22" parent="FirForest" instance=ExtResource( 15 )]
transform = Transform( -0.394936, 0.918709, 4.0158e-08, 0, -4.37114e-08, 1, 0.918709, 0.394936, 1.72632e-08, 31.6853, -1.90735e-06, 28.6347 )

[node name="Fir7" parent="FirForest" instance=ExtResource( 16 )]
transform = Transform( -0.475778, 0.879566, 3.8447e-08, 0, -4.37114e-08, 1, 0.879566, 0.475778, 2.07969e-08, 20.1539, 0, 28.7211 )

[node name="Fir17" parent="FirForest" instance=ExtResource( 16 )]
transform = Transform( 0.986106, 0.166115, 7.26111e-09, 0, -4.37114e-08, 1, 0.166115, -0.986106, -4.31041e-08, 8.805, 0, 31.2579 )

[node name="Fir24" parent="FirForest" instance=ExtResource( 16 )]
transform = Transform( 0.585269, -0.810839, -3.54429e-08, 0, -4.37114e-08, 1, -0.810839, -0.585269, -2.55829e-08, 2.57702, 0, 34.0465 )

[node name="Fir23" parent="FirForest" instance=ExtResource( 16 )]
transform = Transform( 0.986106, 0.166115, 7.26111e-09, 0, -4.37114e-08, 1, 0.166115, -0.986106, -4.31041e-08, 2.08263, 0, 21.0009 )

[node name="Fir8" parent="FirForest" instance=ExtResource( 17 )]
transform = Transform( -0.475778, 0.879566, 3.8447e-08, 0, -4.37114e-08, 1, 0.879566, 0.475778, 2.07969e-08, 17.8931, 1.90735e-06, 21.305 )

[node name="Fir25" parent="FirForest" instance=ExtResource( 17 )]
transform = Transform( 0.99999, -0.00453782, -1.98355e-10, 0, -4.37114e-08, 1, -0.00453782, -0.99999, -4.3711e-08, 5.38771, 1.90735e-06, 26.9338 )

[node name="Fir9" parent="FirForest" instance=ExtResource( 15 )]
transform = Transform( -0.843982, -0.536372, -2.34456e-08, 0, -4.37114e-08, 1, -0.536372, 0.843982, 3.68916e-08, 23.7763, -1.90735e-06, 19.365 )

[node name="Fir10" parent="FirForest" instance=ExtResource( 16 )]
transform = Transform( 0.593011, 0.805194, 3.51962e-08, 0, -4.37114e-08, 1, 0.805194, -0.593011, -2.59214e-08, 22.0628, 0, 37.1248 )

[node name="Fir11" parent="FirForest" instance=ExtResource( 17 )]
transform = Transform( 0.593011, 0.805194, 3.51962e-08, 0, -4.37114e-08, 1, 0.805194, -0.593011, -2.59214e-08, 14.3903, 1.90735e-06, 36.0103 )

[node name="Fir16" parent="FirForest" instance=ExtResource( 17 )]
transform = Transform( 0.994678, -0.103036, -4.50383e-09, 0, -4.37114e-08, 1, -0.103036, -0.994678, -4.34788e-08, 4.09327, 1.90735e-06, 38.8856 )

[node name="Fir12" parent="FirForest" instance=ExtResource( 15 )]
transform = Transform( 0.858459, -0.512882, -2.24188e-08, 0, -4.37114e-08, 1, -0.512882, -0.858459, -3.75244e-08, 15.1419, -1.90735e-06, 29.8613 )

[node name="Fir13" parent="FirForest" instance=ExtResource( 16 )]
transform = Transform( 0.593011, 0.805194, 3.51962e-08, 0, -4.37114e-08, 1, 0.805194, -0.593011, -2.59214e-08, 35.4099, 0, 25.6089 )

[node name="Fir14" parent="FirForest" instance=ExtResource( 17 )]
transform = Transform( 0.593011, 0.805194, 3.51962e-08, 0, -4.37114e-08, 1, 0.805194, -0.593011, -2.59214e-08, 27.7375, 1.90735e-06, 24.4944 )

[node name="Fir15" parent="FirForest" instance=ExtResource( 15 )]
transform = Transform( 0.593011, 0.805194, 3.51962e-08, 0, -4.37114e-08, 1, 0.805194, -0.593011, -2.59214e-08, 28.4891, -1.90735e-06, 18.3454 )

[node name="Fir6" parent="FirForest" instance=ExtResource( 15 )]
transform = Transform( 1, 0, 0, 0, -4.37114e-08, 1, 0, -1, -4.37114e-08, 35.6713, -1.90735e-06, -6.53161 )

[node name="Fir19" parent="FirForest" instance=ExtResource( 15 )]
transform = Transform( -0.623757, -0.781618, -3.41656e-08, 0, -4.37114e-08, 1, -0.781618, 0.623757, 2.72653e-08, 33.3305, -1.90735e-06, -1.74454 )

[node name="SpookyGrove" type="Spatial" parent="."]

[node name="Fence12" parent="SpookyGrove" instance=ExtResource( 5 )]
transform = Transform( 0.916684, 0, -0.399613, 0, 1, 0, 0.399613, 0, 0.916684, 7.80481, -4.76837e-07, -24.423 )

[node name="Fence4" parent="SpookyGrove/Fence12" instance=ExtResource( 5 )]
transform = Transform( 0.997222, 0, 0.0744914, 0, 1, 0, -0.0744914, 0, 0.997222, -0.641726, 0, -9.88334 )

[node name="Fence5" parent="SpookyGrove/Fence12" instance=ExtResource( 5 )]
transform = Transform( 0.989034, 0, 0.147689, 0, 1, 0, -0.147689, 0, 0.989034, -0.464127, 0, -4.92176 )

[node name="Fence7" parent="SpookyGrove/Fence12" instance=ExtResource( 5 )]
transform = Transform( 0.980863, 0, 0.194697, 0, 1, 0, -0.194697, 0, 0.980863, -1.58511, 0, -14.5756 )

[node name="Fence13" parent="SpookyGrove" instance=ExtResource( 5 )]
transform = Transform( 0.969991, 0, 0.243141, 0, 1, 0, -0.243141, 0, 0.969991, 15.6073, 1.43051e-06, -3.89222 )

[node name="Fence4" parent="SpookyGrove/Fence13" instance=ExtResource( 5 )]
transform = Transform( 0.997222, 0, 0.0744914, 0, 1, 0, -0.0744914, 0, 0.997222, -0.641726, 0, -9.88334 )

[node name="Fence5" parent="SpookyGrove/Fence13" instance=ExtResource( 5 )]
transform = Transform( 0.989034, 0, 0.147689, 0, 1, 0, -0.147689, 0, 0.989034, -0.464127, 0, -4.92176 )

[node name="Fence7" parent="SpookyGrove/Fence13" instance=ExtResource( 5 )]
transform = Transform( 0.980863, 0, 0.194697, 0, 1, 0, -0.194697, 0, 0.980863, -1.58511, 0, -14.5756 )

[node name="Fence14" parent="SpookyGrove" instance=ExtResource( 5 )]
transform = Transform( 0.830353, 0, 0.557238, 0, 1, 0, -0.557238, 0, 0.830353, 37.3869, 1.43051e-06, 20.249 )

[node name="Fence4" parent="SpookyGrove/Fence14" instance=ExtResource( 5 )]
transform = Transform( 0.997222, 0, 0.0744914, 0, 1, 0, -0.0744914, 0, 0.997222, -0.641726, 0, -9.88334 )

[node name="Fence5" parent="SpookyGrove/Fence14" instance=ExtResource( 5 )]
transform = Transform( 0.989034, 0, 0.147689, 0, 1, 0, -0.147689, 0, 0.989034, -0.464127, 0, -4.92176 )

[node name="Fence7" parent="SpookyGrove/Fence14" instance=ExtResource( 5 )]
transform = Transform( 0.980863, 0, 0.194697, 0, 1, 0, -0.194697, 0, 0.980863, -1.58511, 0, -14.5756 )

[node name="Tree1" parent="SpookyGrove" instance=ExtResource( 7 )]
transform = Transform( 1, 0, 0, 0, 1, 0, 0, 0, 1, 19.1367, -4.76837e-07, -27.9995 )

[node name="Tree7" parent="SpookyGrove" instance=ExtResource( 7 )]
transform = Transform( 1, 0, 0, 0, 1, 0, 0, 0, 1, 36.3286, 1.43051e-06, -27.0772 )

[node name="Tree5" parent="SpookyGrove" instance=ExtResource( 7 )]
transform = Transform( -0.641128, 0, 0.767434, 0, 1, 0, -0.767434, 0, -0.641128, 22.7084, -2.38419e-06, -14.2774 )

[node name="Tree2" parent="SpookyGrove" instance=ExtResource( 8 )]
transform = Transform( -0.0408689, 2.44827e-16, 0.999165, 5.00499e-18, 1, -2.44827e-16, -0.999165, -5.00499e-18, -0.0408689, 31.5268, 1.90735e-06, -19.4975 )

[node name="Tree4" parent="SpookyGrove" instance=ExtResource( 8 )]
transform = Transform( -0.755839, -1.56519e-16, -0.654758, 5.00499e-18, 1, -2.44827e-16, 0.654758, -1.88327e-16, -0.755839, 24.8958, 1.90735e-06, 0.00515938 )

[node name="Tree10" parent="SpookyGrove" instance=ExtResource( 8 )]
transform = Transform( -0.755839, -1.56519e-16, -0.654758, 5.00499e-18, 1, -2.44827e-16, 0.654758, -1.88327e-16, -0.755839, -9.9284, 4.40817, 26.4275 )

[node name="Tree8" parent="SpookyGrove" instance=ExtResource( 8 )]
transform = Transform( -0.755839, -1.56519e-16, -0.654758, 5.00499e-18, 1, -2.44827e-16, 0.654758, -1.88327e-16, -0.755839, 19.938, 1.90735e-06, -33.5008 )

[node name="Tree3" parent="SpookyGrove" instance=ExtResource( 6 )]
transform = Transform( 0.518665, 0, -0.854977, 0, 1, 0, 0.854977, 0, 0.518665, 31.9524, 9.53674e-07, -32.1733 )

[node name="Tree6" parent="SpookyGrove" instance=ExtResource( 6 )]
transform = Transform( 0.977721, 0, 0.209904, 0, 1, 0, -0.209904, 0, 0.977721, 26.7096, -2.86102e-06, -22.4482 )

[node name="Tree9" parent="SpookyGrove" instance=ExtResource( 6 )]
transform = Transform( 0.977721, 0, 0.209904, 0, 1, 0, -0.209904, 0, 0.977721, 15.9436, -2.86102e-06, -22.0724 )

[node name="SideFenceRow" type="Spatial" parent="."]

[node name="Fence6" parent="SideFenceRow" instance=ExtResource( 5 )]
transform = Transform( 0.989265, 0, -0.146135, 0, 1, 0, 0.146135, 0, 0.989265, -29.0645, 4.76837e-07, 6.00366 )

[node name="Fence4" parent="SideFenceRow/Fence6" instance=ExtResource( 5 )]
transform = Transform( 0.997222, 0, 0.0744914, 0, 1, 0, -0.0744914, 0, 0.997222, -0.641726, 0, -9.88334 )

[node name="Fence5" parent="SideFenceRow/Fence6" instance=ExtResource( 5 )]
transform = Transform( 0.989034, 0, 0.147689, 0, 1, 0, -0.147689, 0, 0.989034, -0.464127, 0, -4.92176 )

[node name="Fence7" parent="SideFenceRow/Fence6" instance=ExtResource( 5 )]
transform = Transform( 0.980863, 0, 0.194697, 0, 1, 0, -0.194697, 0, 0.980863, -1.58511, 0, -14.5756 )

[node name="Fence7" parent="SideFenceRow" instance=ExtResource( 5 )]
transform = Transform( 0.989265, 0, -0.146135, 0, 1, 0, 0.146135, 0, 0.989265, -29.0645, 4.76837e-07, 25.285 )

[node name="Fence4" parent="SideFenceRow/Fence7" instance=ExtResource( 5 )]
transform = Transform( 0.997222, 0, 0.0744914, 0, 1, 0, -0.0744914, 0, 0.997222, -0.641726, 0, -9.88334 )

[node name="Fence5" parent="SideFenceRow/Fence7" instance=ExtResource( 5 )]
transform = Transform( 0.989034, 0, 0.147689, 0, 1, 0, -0.147689, 0, 0.989034, -0.464127, 0, -4.92176 )

[node name="Fence7" parent="SideFenceRow/Fence7" instance=ExtResource( 5 )]
transform = Transform( 0.980863, 0, 0.194697, 0, 1, 0, -0.194697, 0, 0.980863, -1.58511, 0, -14.5756 )

[node name="Fence8" parent="SideFenceRow" instance=ExtResource( 5 )]
transform = Transform( 0.989265, 0, -0.146135, 0, 1, 0, 0.146135, 0, 0.989265, -29.0645, 4.76837e-07, -13.3396 )

[node name="Fence4" parent="SideFenceRow/Fence8" instance=ExtResource( 5 )]
transform = Transform( 0.997222, 0, 0.0744914, 0, 1, 0, -0.0744914, 0, 0.997222, -0.641726, 0, -9.88334 )

[node name="Fence5" parent="SideFenceRow/Fence8" instance=ExtResource( 5 )]
transform = Transform( 0.989034, 0, 0.147689, 0, 1, 0, -0.147689, 0, 0.989034, -0.464127, 0, -4.92176 )

[node name="Fence7" parent="SideFenceRow/Fence8" instance=ExtResource( 5 )]
transform = Transform( 0.980863, 0, 0.194697, 0, 1, 0, -0.194697, 0, 0.980863, -1.58511, 0, -14.5756 )
